1190
1480
1380
1640
1080
1290
1420
1260
1430
1090
1160
1130
1280
1140
1150
1330
1200
1250
960
980
990
1200
1060
1220
1010
1190
1170
1120
1230
1090
1210
1090
1300
1290
1290
1210
1130
1190
1190
1280
0
1160
0
0
1180
1090
0
0
0
200
1180
1150
1380
1090
1360
1170
1250
1460
1300
2160
1100
1370
1440
1410
1410
1200
1030
1180
880
1230
0
0
0
200
200
0
0
200
200
0
0
0
0
0
0
6870
6870
38200
82350
82350
4370
3380
67020
49930
41240
67040
67040
13400
3080
12850
14450
14450
100770
100770
2060
20090
51130
82680
62940
42860
42860
42730
42730
7150
256030
112590
37010
444620
680
1460
1540
860
1690
1770
1480
1690
1490
830
1460
1500
1330
1470
1520
1560
1590
1320
1520
1550
1480
1590
1000
1510
1270
1110
1560
1270
1570
1440
1680
1570
1580
1460
910
1570
730
1530
1580
1320
1510
1660
1390
1610
1600
1380
750
790
1380
1530
1580
1630
1700
1570
1620
1290
1300
1680
1610
1490
1420
1540
1220
700
1490
1480
720
1320
790
880
790
1570
1320
1120
1200
1490
1370
1430
1190
1270
1100
1240
1300
1240
1470
1490
1100
1180
1270
1190
1230
1170
1270
1370
1190
1400
1390
1430
1230
2000
1310
1260
1260
1310
1200
1130
2240
1350
1450
1380
255350
600200
1790
2600
1870
2030
1520
2340
2730
1900
1890
1600
2550
1690
1790
1920
1980
2040
2050
2050
2060
2060
1820
1690
2140
2570
1990
2960
2590
2560
1670
2610
2530
1890
1920
2550
2470
2130
2470
1650
2720
2040
1910
2130
1670
2070
2200
2630
2330
2470
2290
1750
1620
1560
2530
2600
3010
2560
2550
2530
2020
1420
2370
2450
2420
2340
1740
2080
2010
2960
1790
1830
1930
2710
2470
2880
1540
1870
2740
1650
2100
2000
2430
2220
1730
2560
2870
1330
2600
2040
2370
1430
2340
2760
2040
1830
1870
2910
2520
2500
2300
2590
2590
2430
2340
2270
2180
2300
2760
2840
2120
2270
2520
1980
2950
2650
2160
1720
2740
2500
2490
1610
1880
2470
2290
2470
2250
1850
2320
2280
2440
2660
1910
2670
2350
2800
2830
2120
2340
1730
1730
2360
2400
2160
2350
2440
1930
2640
2490
2010
2110
1480
2580
1790
2370
1630
1590
1840
2040
2080
1670
2490
2230
2290
2330
2380
2920
2590
2710
1810
2100
49270
3160
2270
2820
24020
2750
3070
2430
24450
770
700
1310
760
800
1410
770
28000
1690
1780
168180
1940
1970
2430
2350
2220
2340
2480
2970
1990
1970
2240
2780
2430
1920
2900
3070
2430
2780
2560
2700
2470
2210
2580
1970
2480
2990
2590
2280
3010
2490
2870
1730
2410
2450
2700
2340
2030
2440
2020
1870
1520
2650
2290
6930
76780
480980
160460
40960
111880
192550
2220
3000
3070
2560
3020
2110
1660
3160
2300
2800
2280
2400
2360
2720
2910
1650
1240
2290
2230
2330
2220
1880
2500
2370
1380
2910
2350
2770
2350
2610
1910
2760
1620
2280
1520
2100
2550
3160
1870
2160
2830
2010
1790
2440
2840
2330
2350
2310
2030
2550
2160
2300
2380
2480
1870
1530
2520
2240
1150
2250
2560
2460
2240
2000
2860
2790
2200
2400
2680
1940
2260
2480
3160
1760
2390
2760
2510
2730
2780
2800
2340
2470
2360
2050
2490
2100
2130
2310
2900
2010
2640
2840
2700
2210
2150
2330
2450
1940
1480
1810
2490
3040
1820
2050
2390
2600
2540
2310
2680
1800
2260
2360
2290
2900
2250
2540
2520
2860
2180
2520
2190
2660
2490
1440
2460
2980
1550
2350
2580
2090
2200
2440
2100
2280
1870
2590
2320
2190
1890
2340
2360
2200
1500
2210
2360
1560
2670
1980
2430
1840
2530
2630
2480
1950
1780
2550
2820
2160
2210
1940
2350
2310
1890
1490
2420
2580
2610
2170
1450
2600
2690
1360
2420
2200
2410
3110
2500
2010
2490
2110
2400
1810
2400
2390
2360
3190
2170
2460
2940
2250
2190
2470
1920
2170
1920
1570
2940
2060
2850
2360
2080
2780
2140
2490
2280
2850
2670
2150
2150
2250
2340
1610
1910
2630
1910
2360
1770
2720
2440
2090
1950
2860
2320
2480
1610
2570
2200
2060
1240
2760
520510
114580
203690
163230
98100
2440
1710
3050
2650
2830
2370
2470
2630
1470
2500
2290
2450
2020
2010
1910
2320
2090
2020
1830
2420
2560
2750
2260
2520
1680
1990
1810
2480
2420
2450
2370
2040
2890
2510
2620
2480
2550
2730
1530
2410
2280
1710
2190
2020
1860
2670
2490
2630
2480
2150
2560
2170
2510
2450
2010
2560
2710
2600
1640
1740
2390
2150
2690
2540
2700
2200
2300
2590
2410
2130
1760
1800
2380
2220
1440
2940
2110
2310
2040
2400
2150
2380
2860
2020
2700
2380
2850
2290
2580
2430
1980
2120
1440
2340
2450
2120
1870
1990
1800
2060
2800
2390
2200
2240
1770
2710
2970
3280
2090
2050
2770
2310
2200
2250
2400
2140
2510
2410
1890
2200
1930
2650
1820
2750
1820
1850
2020
1980
2600
1700
2280
2600
1850
2440
2130
2230
2300
3160
2690
2190
2650
2650
2460
1900
2490
2110
2280
2580
2350
2240
2040
1870
2760
2680
2070
2540
2360
2940
2910
1810
2300
2780
2620
2790
2690
2670
3120
2450
1660
2390
1850
1830
1520
2240
2010
2660
1940
2410
2730
2470
2340
2440
2180
2550
2730
2350
2170
2030
1940
2290
2400
2560
2430
1930
2320
2660
2360
2240
1440
2680
2120
2470
3290
1450
2390
2280
2710
3030
2040
2110
1540
2020
2300
1850
2580
2850
2940
2250
2130
1800
2470
1820
2760
2170
2420
1970
2040
1760
2270
2280
2230
2350
205640
25920
242080
160860
54730
193010
106060
47180
102200
55820
35370
2590
2190
2180
2540
2290
2500
2430
2280
2610
2240
2150
1960
2630
3010
2190
1890
1750
2120
2370
2600
2690
2460
2520
1880
1840
3030
2010
2140
2620
2410
2240
2350
2460
2890
2540
2740
2720
2750
2510
2690
2440
1900
1960
1910
2730
2370
3230
2420
2940
1530
2740
2680
2630
1510
1320
2540
2700
2570
2200
2720
2600
2590
2080
2740
2540
2260
2420
2350
2640
2170
2330
2110
1900
2360
2470
2220
2100
1970
2320
2450
2760
2220
2130
2000
2370
2660
2740
2510
2430
2740
2800
2680
2280
2320
1950
2190
2120
2840
2150
2330
1780
2790
2160
2210
2390
2800
1860
2620
3020
1900
2660
2820
2570
2240
1980
2930
2250
2380
2540
2870
1670
2140
2920
2170
2480
1970
2270
2180
2340
2680
2230
1910
2720
2330
1980
2600
2140
2970
2200
2380
2750
1640
2090
2460
1770
1970
1400
2330
2370
2790
1910
1510
2190
2810
2530
1900
3330
1490
2480
1600
2840
2610
2290
2830
1680
2380
2620
2100
2030
2130
2690
2570
2310
1940
2300
3040
2450
3010
2670
2840
1570
2130
1600
2580
2870
2110
2090
1750
2910
1860
2440
2670
2270
2690
2690
2730
2120
2240
2020
2640
2810
3040
2810
2450
2250
1950
2560
2480
2740
2310
2110
2110
2560
2590
2400
1950
2720
2290
2910
1530
2730
2540
1860
2040
2600
2620
143570
198440
223720
521330
2580
1340
2450
2140
2650
2530
3120
1920
2540
2160
2660
2640
2060
1990
2130
2080
2430
2370
2260
2430
2290
2040
2240
2150
2940
1870
2240
1830
2220
2680
2730
2020
2080
2140
1950
2110
2080
1480
2530
3030
2000
2990
2070
2700
2750
2200
1960
2950
2410
2280
2850
1790
2610
2580
2140
3030
1590
2230
1930
2110
2480
1770
2230
2940
2640
3040
1990
2930
2000
2310
2420
2920
2510
1800
2210
1850
2280
2990
3060
2500
1360
2140
2000
1450
2490
1590
2310
2560
2360
1630
2060
2570
2470
2260
2270
2790
2690
2300
2000
2610
1760
1630
1580
1940
2430
2860
2800
2460
2230
2630
2760
2550
2240
1860
2210
2630
2930
2800
2810
2660
187490
2440
2020
2630
2510
2370
1530
1980
1650
2400
2100
2070
2740
2480
2650
2620
2260
2490
2350
2430
1900
2730
2040
2450
2400
1580
2690
2380
2940
2030
2250
2520
2040
2330
2080
3060
2270
2050
2760
1950
2200
2550
2760
2370
2860
2690
2890
2180
2640
3120
1750
2150
2290
2970
2350
2110
2160
3200
2100
2910
1210
2470
2280
2490
2430
2740
2800
2120
2270
2410
2430
2120
2060
2780
2190
2440
2870
2630
2060
2320
2400
2310
1780
2110
2360
2450
2430
1860
2320
2320
2940
1980
1760
2390
1310
2300
1960
3030
2050
1790
2280
2590
1720
2080
2850
1530
2060
2600
2100
1490
2000
1163100
2680
2260
2100
2540
2260
1680
3420
2620
3360
2870
184080
249500
358620
229570
96580
2830
1970
2340
2310
2470
1760
2220
1920
2340
2340
2830
2330
2810
1870
1570
2680
2090
2750
2180
2590
3060
2270
2330
2610
2570
1610
1770
2170
2520
2610
2960
3300
1490
2420
2660
2160
3110
2720
2070
2310
2820
1710
2000
2860
1990
2220
2010
2400
2060
2230
2110
2650
2070
2220
2580
2490
2360
2820
2610
2850
2070
1450
2350
2270
1880
2560
1710
2630
2690
2530
2140
2570
2580
2370
2960
1620
1910
2850
2270
2120
2500
2660
2650
2320
2370
2810
1770
2060
2180
2220
2070
1720
2850
2340
2590
2490
2530
1650
2800
2210
2130
2750
2470
2550
2610
2630
2770
2670
2200
1990
2820
1780
2410
2640
2160
2050
2670
2040
2880
2230
2450
2270
2220
1770
2380
1980
2560
1860
2620
2560
2220
2410
2320
2110
2440
2300
2110
2510
1860
2140
2240
1300
2230
1430
2700
2100
2580
2540
1630
2940
1620
2240
2710
2900
2110
2160
2080
2290
2430
2220
2590
2980
1810
2280
2660
1700
2360
2050
1720
1990
2800
2080
2460
2620
1440
2180
2570
2660
2270
2690
1470
2250
1670
2410
2200
2130
2420
2420
2460
1770
1690
2970
2370
2470
2590
2420
2720
3000
3030
2520
2650
1740
2310
2480
1490
2460
3140
2650
1710
2220
2810
2390
2190
1900
2000
2470
1780
3200
2600
2310
2480
1660
2420
2820
2480
2450
1880
2860
2250
1920
415660
127180
168290
179520
195550
42450
2490
2490
2000
2210
3150
2290
2430
2390
1830
2340
2760
2320
2210
2310
2700
2850
1620
2050
2480
2220
2020
2260
2430
2500
2000
2010
1790
2440
2150
2890
2140
2640
1800
2070
3010
2000
2510
2030
2670
2950
2000
2470
1950
2570
2850
2890
2870
1740
2460
2720
2130
1840
2060
2350
1940
2650
2690
2380
2040
2390
2260
1970
2140
1790
2390
2010
1930
2840
2670
2210
2010
1520
2200
1550
2920
2500
2180
2570
2120
2800
2420
2680
2930
2530
1820
2670
2580
2840
980
2180
2290
2270
2130
2510
2680
1900
2690
2290
2510
2410
2310
2110
1980
1910
2880
2260
2760
2600
2550
1450
2330
2440
1960
2080
1970
3100
2760
2010
2950
3170
2640
2580
1890
2650
2520
2500
2320
2840
2510
2620
2620
2340
1820
2600
1690
2230
2530
2340
2090
2450
2420
2250
2650
2980
1600
2490
2570
2650
2350
2470
2320
2370
2010
1500
2670
3320
2740
2870
2030
2180
2310
2450
2880
2400
2430
2480
2550
1560
2940
2260
2480
2480
1790
2350
2570
2600
2160
2710
2590
2290
1470
1680
2370
2850
2450
2300
2720
2300
2590
3320
2360
2360
2550
2460
2510
2230
1490
2440
2850
1970
2740
2400
2130
2890
2330
2490
1570
3040
1960
2690
2660
1680
2240
2230
2430
2470
1840
2280
2380
2770
2760
2290
1870
1900
3050
513190
280220
138810
156030
2470
2470
2340
2270
2600
2500
2580
2260
2850
2060
2630
1620
2160
2370
2340
2480
2350
2360
1640
2260
2350
1990
2480
2110
2530
2210
2910
2370
2290
2490
2570
2540
2400
2110
1650
2430
1990
2530
2040
2090
2420
1890
1620
2460
2290
2510
3060
2220
2680
2350
2830
2450
2780
2830
2520
1890
1930
2590
2540
2570
2560
2730
2100
2450
1970
2910
2070
2030
2140
2590
2150
2680
1490
3030
2170
1540
1890
2440
2150
2710
2090
1540
2420
1690
1980
2880
2290
1800
2760
2320
2920
1730
2270
2130
2750
2840
2230
3160
2350
2270
1950
2610
2450
2150
2110
2180
2880
2990
2650
3090
2560
2230
2650
2840
1980
2590
2130
2020
2760
2870
2080
2710
1700
1580
1520
2530
2200
2320
1970
1770
2430
2160
1440
2170
1950
2540
2200
2110
2740
2470
2030
2770
2260
2920
2170
2460
2610
2810
2640
2750
2050
2710
2020
2330
2730
2660
1700
1850
2220
2770
2330
2530
2360
2570
2070
2440
2620
2630
2500
2020
2370
2780
2350
2150
2400
2300
2750
2900
2470
2680
2120
2950
2460
2280
2860
2210
2380
2080
1580
2450
2520
1380
3050
2110
2190
2410
2110
1660
2310
2760
1770
2270
2210
2480
2490
3070
2980
2260
2860
2360
2920
2510
2530
2160
2170
2370
2170
1780
2960
2080
3080
2480
2530
2220
2690
2420
2230
162240
390150
484050
91490
2660
1450
2600
2700
2610
2130
1530
2730
2830
2280
1720
2480
2550
3190
2450
1760
2370
1890
2650
2850
1780
2570
2040
3200
2520
2340
1780
2730
2440
1870
2160
2620
1930
1820
2960
2500
2470
2920
2350
2480
1960
1740
2600
2800
3000
2000
2740
2940
2330
2430
1820
2200
2280
2220
1810
2460
2470
2060
2880
2620
2770
2490
2340
1920
1990
2750
2740
2480
2810
2840
2700
2480
2340
1970
1970
2660
2000
2040
2080
2110
2260
1880
1870
2350
2180
1720
3340
1500
1740
3250
2750
1780
2190
2570
2560
2250
2730
2150
1450
2330
2630
2220
2740
2080
2420
2050
3020
2160
2110
2370
1560
2650
2060
2760
2250
1930
3130
2820
2370
1420
2260
2190
1930
1420
2590
1820
2950
2230
2560
2030
1760
2750
2240
1900
2420
2000
2260
2530
2300
2300
2790
2120
2040
2060
2530
2820
1730
2540
2560
2390
2890
2520
2840
2470
2530
2600
2390
2220
3000
2520
2140
1990
2060
2780
2010
2280
3100
2660
1970
2030
2820
1700
2160
2390
1630
2320
2610
1730
2650
2850
2100
2100
2700
2280
2360
2680
3200
2580
2950
2430
1670
1530
1750
2350
1740
2590
2280
2150
2290
2480
2720
1900
2370
2450
2080
2410
2230
2310
3110
2430
2300
2760
2550
2330
2500
2310
2400
2270
2330
1550
2410
2650
2940
2590
2910
1830
2260
2040
940550
67620
107830
2290
2300
1300
1810
2880
2330
2390
2620
2140
2350
2680
2370
2020
2880
2040
2300
2520
2560
2080
2170
2810
2020
2410
2800
2610
2160
2330
1920
2480
2390
2750
3070
1830
2700
2540
2480
2110
1520
2210
2920
1630
2160
2660
1870
2810
2280
2700
1860
2890
1530
2100
2210
1900
2460
2690
2110
1640
2150
2400
2730
2480
2770
2020
2040
1800
2210
2680
2090
2730
2010
2080
2150
2260
1890
2220
1970
2610
2130
2320
2330
2980
2960
2580
2780
2160
2150
1890
2060
2120
2380
2860
2630
2650
2760
2270
2490
2690
2240
2560
2400
3060
2330
2580
1920
1950
2790
2280
1600
2460
1560
2430
2400
1770
2510
2620
2970
2410
2300
2360
2170
3420
2070
2330
2190
2250
2640
2330
2370
2720
2340
2510
1860
2450
2620
1750
1780
1670
2060
2130
2460
2260
1780
2270
2360
2410
3050
2720
2410
2320
2470
2360
2410
1660
2770
2720
1770
2640
1690
2400
3050
2500
2290
1910
2400
2410
2270
2010
2630
2330
2650
2620
2770
3330
1820
2580
2530
2040
2840
2440
1570
2470
2190
2190
2370
3170
2210
2410
2090
2810
2410
2490
1640
2810
2810
2910
2720
2590
2200
1950
2710
2220
1620
1910
2470
2340
2170
1730
2850
1840
2450
2970
3130
2200
1750
2740
2900
2080
2960
2420
2170
2840
1930
2330
2390
2310
2400
2100
1930
10670
723510
42930
85310
198740
1740
3040
2450
2370
2690
2580
2680
2390
1830
2410
2270
2600
2500
2700
2120
2520
1940
2880
2390
2530
2990
2050
2240
2130
1760
2310
2610
2170
2140
1950
2110
2490
2450
2650
2550
1590
2210
2200
2330
1670
2210
2390
2300
2440
2990
2320
2460
2930
2210
1500
1710
2370
2450
1660
1970
2450
2510
2400
2330
2950
2010
2700
2300
2400
2310
2390
2170
1950
2860
2360
2080
2180
2580
2080
1710
2550
2990
2190
3130
2110
2640
2240
2270
2660
1600
2120
2530
2670
2420
2470
1830
2030
2320
2190
2250
1610
2370
2380
2140
2120
2610
2300
2450
2940
2120
2040
1470
1860
2100
1680
1800
2150
2710
2910
2020
2150
2400
2310
2070
2560
1640
2330
2540
2400
2320
1680
2170
2530
2860
2240
2810
2440
2680
1520
1810
1450
1680
1760
2110
1660
2870
2670
2270
2810
2340
2470
2820
2380
2050
1900
2690
1780
2590
3010
2300
2320
1730
1660
2820
2560
1980
3060
1970
2290
2040
1410
2820
2320
2270
2820
2600
1600
2050
2900
2610
2710
2070
2270
2220
2600
2520
2090
2430
2570
2710
2330
2550
2370
3140
1830
2030
2120
1870
2520
2250
1690
3020
2520
2450
2110
2220
2490
2800
3380
1820
2700
2420
2110
1410
2320
2530
1330
1990
2310
1570
2410
2240
2140
2630
2670
1610
2420
2020
2880
2160
2860
2380
2340
2200
1290
2270
1930
2890
2250
1970
632250
504810
2660
2250
2290
2510
1910
2240
2050
2890
2400
1970
2480
2740
2470
2020
2010
1810
2050
3390
1720
1740
2280
2270
2920
2150
2280
2060
2280
2580
2260
2450
2500
2370
2720
2060
1740
2010
2790
1790
2090
2470
1820
2020
2040
2180
2050
1610
2900
1850
2520
1900
2770
1710
2740
2290
2520
1690
2620
2880
2650
2580
2520
2290
1870
2030
2620
3170
1550
2380
2500
1700
2700
2100
2550
2320
1570
2640
2820
2470
2150
2440
1800
2990
2400
2990
2190
2270
2160
1640
2870
3250
2540
2770
2100
2200
2360
1500
1210
2450
2370
2010
2860
2680
2390
2100
1680
1940
2710
1910
3290
2180
2800
2480
2230
1990
2620
2220
2410
2290
2670
2350
2370
2390
2810
1770
2200
2610
3020
2790
2610
2200
2550
1530
1900
1110
2690
1800
2510
3420
2090
2390
2450
2660
2250
2850
3070
2820
2650
1060
1740
2040
3080
1750
1450
2460
2030
2260
1930
1880
2350
2660
2950
2350
2800
2430
2790
3120
2400
2650
2280
1870
2930
2030
2420
2110
2570
2270
2410
3100
1620
2350
2330
2550
1910
1920
2240
2790
2450
2630
2570
2540
2290
2650
1760
1770
2050
2650
2800
2230
2220
3240
2000
2140
2230
1610
2500
1460
3010
3010
2800
2280
1740
1710
1770
2190
2490
2210
2790
1810
2590
2450
2500
2320
1650
2820
2650
1910
2940
2850
2320
2690
231810
115180
599130
143780
2780
2780
2020
1980
2530
2000
2110
2250
2740
2760
2230
2180
1890
2170
1960
2470
2810
1810
2390
1450
2550
2690
2090
2660
2290
1990
2260
2340
2290
2610
2390
2810
2140
2420
3090
1690
2550
2650
2220
2670
2380
2170
2540
2670
2550
2870
2500
1900
2120
1880
2420
2490
1760
2530
2230
1940
2460
2250
2490
3010
1810
2680
3030
1690
2660
2440
2100
1850
1770
2970
2440
2840
2310
2100
2480
2770
2150
2360
1470
2280
2100
2480
2450
1840
2920
2820
2380
2850
2280
2410
2440
2360
2460
2360
1750
2180
2700
2210
2230
2250
2090
2850
1840
1660
2220
2540
2480
2410
2300
2040
2120
2400
2830
2600
2370
2670
2230
2780
2480
2260
1690
1760
2450
1880
1920
2200
2420
3030
2780
2720
2240
3100
2320
2760
2600
2500
2150
2410
1960
2560
2990
2820
1850
1530
2180
2280
1590
2630
1810
2000
2350
2700
2220
2850
2760
2550
2850
2500
1770
2070
2310
2310
2430
1750
2250
3230
2850
2320
2190
2100
2400
2410
2230
2140
2050
2650
1920
2940
2710
2670
1590
2910
1250
2860
2230
2340
3070
2300
2770
1580
2800
2480
2060
2600
1790
2510
2750
2260
1870
2960
2910
2070
2510
2460
2030
2220
2050
2400
2530
2240
1940
2680
2500
2520
2470
2370
2660
2090
2420
1910
2470
2350
2150
1980
2190
2160
190580
361830
178840
87910
102210
175610
2170
1650
1460
2390
2240
2900
2500
2990
2820
1950
2280
1980
2620
1690
1880
2690
2740
2210
2760
1920
2890
2680
2370
2850
2170
2640
2010
1900
1970
2320
2750
2970
2210
2910
2430
2180
2150
2030
2120
2410
2270
1950
2540
1630
2530
1890
2150
2810
2480
3230
2520
2620
2400
2530
2100
2900
2270
2650
2860
2720
2830
2550
1690
1510
1750
2770
2000
2390
2320
2700
2440
3210
3000
2090
1800
1950
1970
2320
3030
1720
2560
2310
2630
2760
1470
2170
2280
2590
2120
2060
2750
2190
2020
2130
2380
2350
2450
2610
2050
2590
2050
1880
2460
2250
1920
1830
2830
2450
1870
2280
2320
1960
2480
1910
2120
1540
2230
2820
2660
2010
2180
2610
3120
2740
2120
1930
2700
2530
1970
2350
2320
2050
2560
1700
3410
2460
2500
2050
2780
2670
1750
2110
1230
2240
1720
2480
1750
2130
2800
2610
2700
2370
1910
2560
2790
2540
2200
2550
1930
2550
1910
2490
2450
2470
2520
1800
2780
2530
1660
2600
2820
2710
2320
2010
2020
2120
1920
2520
1900
2340
2180
2190
2430
2690
2770
2470
2340
2730
2700
2220
2290
1700
2210
2570
1630
2390
2280
2830
2490
2280
2630
1580
2220
2690
2670
2550
2690
2420
2110
2080
1950
2040
2180
2250
2710
2530
1570
2290
2230
2370
2250
1810
2740
2250
2860
1890
2220
2540
2730
2040
4070
1134280
2110
2280
2430
3010
2370
2310
2870
2450
1850
2790
1690
2380
2180
2190
1670
3010
2730
2640
2100
1900
1740
1970
2230
2200
1390
2750
2480
2980
2250
2140
2200
1650
2090
2160
2480
2530
2250
1800
2540
2010
2740
1540
2050
2290
1760
2070
2680
2570
2550
2640
2520
1770
2410
2640
2190
1270
2260
2470
2580
1800
2560
1750
2530
1900
2360
1820
2370
2130
2430
2640
2270
2130
2490
2210
2800
3030
3070
2240
2290
1680
2150
2710
2480
2220
2020
2380
2210
2190
2390
2480
2030
2360
2600
2470
2410
1900
1900
1910
2040
2450
2010
2520
1680
1810
2570
2200
2970
1080
2100
2750
3420
2530
2690
2430
2090
2200
2570
2620
1940
2640
2410
2470
2540
1650
2090
2410
2750
2230
2460
2380
2550
2420
1410
2660
3080
2140
2310
2370
2330
2630
2260
1790
2460
2800
2640
1600
1560
2260
2560
2560
2930
2420
2750
2300
2430
1970
2180
1850
2780
2620
2270
2430
2450
2280
2580
2450
2440
2130
2050
2290
1930
2130
2290
1920
2700
2320
1860
2440
2160
2440
2400
2600
2960
2580
2360
2390
2860
2060
2030
2610
2490
2380
2390
2910
2780
2620
1740
2740
2800
2310
1770
2250
2090
2260
2570
2710
2010
2380
2280
2460
1820
2170
2600
2580
2790
2030
1590
2610
2550
2460
2440
1490
2360
2380
3220
2500
2500
1510
1420
2090
2970
559880
248590
92840
204730
2440
1900
2660
2360
1910
2180
1260
2020
2430
2090
2120
2910
2250
2260
1800
2000
1590
2300
2270
3120
2370
2680
2560
2470
2900
1940
3040
3120
1940
2650
2500
2420
1570
2370
2780
2570
2670
1850
2770
1900
1870
2310
1830
2280
2080
1930
1840
2010
2230
1760
2670
1740
2170
2210
2650
2500
2690
2630
2370
2300
1460
1800
1750
2380
2240
2190
2550
2490
2360
2540
1700
2200
2280
1890
2530
2350
2590
2460
2350
2870
3680
2260
2640
2670
2770
2270
2570
1840
3120
2380
2240
2450
2510
1880
2500
1640
2080
1890
2330
2620
2210
2400
2860
1840
2610
1940
2270
2340
2070
2080
1920
2400
2270
1920
2530
2770
1940
2410
2130
2020
2440
2560
2840
2040
2830
2620
2350
2600
2780
2390
1830
2360
2540
2560
2580
2530
2140
2410
1860
2050
2560
2630
2620
2090
2190
2040
2100
2140
2740
2030
2810
2650
2020
2580
2200
2770
2680
1840
3210
2270
2300
2430
2540
2690
2530
2250
2400
1830
2460
2210
1880
2090
2510
1850
2270
1770
2170
1860
2320
2880
2310
2530
1850
1660
2640
2410
2730
1890
2580
2790
2360
2890
2690
2080
2900
1660
2670
2160
2470
2390
2330
2820
1780
2010
1900
2120
2690
2890
1870
2600
3080
2290
1910
2360
2230
2370
2460
2880
2590
2580
1840
2010
2080
2320
1950
2380
2320
2500
2790
2620
69100
51780
172380
76880
712100
292830
2700
2290
2500
2400
3160
2360
1860
2090
2450
2350
2040
2370
2120
2480
1860
2600
2380
2370
2570
1820
1890
1200
1450
2330
1620
2650
1610
1850
2200
1940
2310
2010
2740
2280
2490
2710
1620
1740
2970
1860
2870
2310
1640
2170
2120
1940
2410
2090
2360
2520
2220
2650
2350
2060
2150
2570
2300
2460
1790
2040
2380
1950
2230
2600
1780
2160
2920
2390
2730
2520
2520
1990
2490
2440
2240
2640
2110
2760
3070
2780
2680
2520
2580
2480
2070
2460
1880
2270
2040
1670
2210
2920
2460
2290
1920
1660
2070
1640
2260
2600
2500
2850
2530
2260
2040
2130
2610
2210
2480
2460
2190
1990
2410
2850
2400
2820
2570
1690
2190
2640
1930
2340
2530
2200
1940
2140
2530
1790
2290
2570
2090
2880
1720
2610
2360
2930
2350
2060
1790
2110
2690
3020
2200
1950
1960
1810
2150
2770
2680
2300
2830
2860
1370
2230
1990
2830
2800
2660
2430
2460
2780
2180
1820
2110
2480
1580
2500
2760
2420
3190
2210
2400
1830
2640
2540
2230
1880
2300
2820
2410
2400
2750
2840
2620
2090
1830
2370
1730
2540
1680
2110
1660
2820
2030
2260
2750
2120
2100
2080
1500
1890
2390
2650
2500
2330
2160
1780
1440
2320
2280
2090
2360
1970
2550
2190
2600
2860
2200
2760
2980
2360
2280
2220
2580
2360
2160
2780
2000
2240
2520
2690
2730
2650
94350
63510
854290
2640
2270
1110
2100
2060
1910
2600
2350
2350
2580
2350
1960
2190
2620
3140
2640
2170
2590
2610
2010
1990
2780
2030
2740
3210
2440
2520
2680
2320
2390
2610
2610
2930
3160
2080
1580
2220
2180
2820
2330
2080
2430
2480
3000
2220
1710
2510
1990
2300
2930
2880
3160
2350
2660
3080
2460
2200
2360
2390
1720
2080
2730
2190
1990
1880
2130
2140
2570
2390
2490
2030
2000
2080
2030
2690
2530
2340
2730
1960
2140
1830
1990
2290
1870
2310
2660
1780
2150
1940
2050
2750
2380
2120
3270
2570
2110
2590
2660
2630
2340
2730
1700
2900
2940
2210
2370
2870
2400
2580
1720
2660
2000
1940
2430
2320
2500
2030
2890
2500
1610
1990
1960
2930
2390
1790
2370
2350
2510
2290
1810
2520
2740
2060
1620
1720
2350
2560
2500
2480
2090
1700
1770
2200
2520
2630
2330
2320
2460
2690
2150
2230
2310
2980
2090
2570
1800
1890
1080
2760
2760
1650
2500
2100
2080
2230
2280
1430
1890
2580
2150
2510
2100
2990
1720
2390
2660
2890
2180
2710
1670
2610
2200
2060
2740
2550
1970
2460
2200
2120
2220
1460
2150
2500
1700
2910
2110
2400
2040
2630
2340
2010
2950
2670
1880
2330
2550
2220
2160
2560
2430
2230
2120
2590
1960
2690
2430
1750
2110
2410
2340
2100
2670
2410
2370
1780
2570
2660
2380
2260
2560
2360
2910
42660
306730
89560
93630
46900
467660
2280
1990
2150
1780
2840
1470
2820
2980
2110
1440
2850
2430
2490
1810
2220
3010
2080
2300
2580
2200
2530
2280
2600
2400
2440
2800
2720
2260
1920
2390
2950
2510
2150
2650
2020
2020
3020
2250
2620
2440
2850
2440
3010
3090
2580
2400
1840
2700
2720
2140
1820
2760
2150
2730
1460
2150
2680
2490
2060
3180
2300
1510
2590
2830
2000
2350
1890
1450
2200
2380
2620
2780
1940
1960
2420
2070
1760
2100
1910
2210
2630
2260
1810
2320
1720
1630
2810
1880
2560
1770
2020
1850
1930
2170
2390
2320
2690
2720
2470
2380
2430
2590
2120
3060
2270
2530
2590
2210
2060
2050
2710
1490
2260
3170
1360
2490
2330
2130
1720
2110
2930
1940
2480
2600
2680
2290
2310
2730
2270
2200
2150
1950
2110
2850
1940
2510
2180
2160
2000
2500
2320
1320
2580
2430
1870
2310
2560
2460
2580
2460
2240
2040
2230
2290
2060
2330
2800
2440
2540
1890
2670
2610
2000
2340
2230
2660
2020
2290
2120
2430
2680
2550
2430
2450
1840
2180
2330
2770
2470
1850
1900
1650
1840
2840
2720
2430
2410
1660
2270
1920
2510
2530
2190
2210
2120
2240
2560
2580
2590
2170
2220
1990
3050
2810
2330
1900
2470
2790
1600
2160
2550
1040
2280
2180
2330
2230
3020
2430
2860
2000
2240
2610
2050
1980
1510
2770
2670
2500
2660
1710
2180
2220
9090
103990
557070
103250
108700
191650
1790
1730
2360
2110
2360
1450
2390
2400
2610
1860
2360
2420
2450
2020
1950
1900
1250
2490
1930
2120
2400
2700
3010
2590
2240
1820
2770
2480
2430
2570
2970
2160
2740
2980
2600
2700
2310
2480
2410
2070
2690
2640
2860
1890
2690
1840
2120
2120
3140
2130
1960
2290
2630
2390
2930
2610
2370
2910
2020
2550
1950
2920
2030
2420
1750
2590
2090
2090
1960
2390
2070
2360
3030
2340
2540
1680
2410
2590
1330
3240
2190
2620
2480
2740
2320
2070
2500
2180
1890
2020
1790
2320
1790
2070
2640
3080
2250
2490
2280
2640
1980
2570
2620
1800
2080
1660
2510
2440
2340
2200
2450
1480
1670
2750
2090
1840
1940
2180
2550
2450
2380
2930
2200
2810
2370
2070
1570
3480
1780
2320
2350
2370
2990
2350
2210
2170
1980
2730
1930
2860
3060
1970
3030
2830
2420
1810
2480
2560
2070
1820
2660
2150
2480
2780
2350
2350
2430
2360
2880
2930
2440
1930
1660
2480
2350
2250
2890
2500
2410
2220
2640
2050
2260
2090
2460
2670
1840
2330
2490
2480
2480
2250
2390
2730
2920
3070
1660
2050
2680
2010
2060
2380
2300
2420
2840
3050
2390
1570
2100
2240
2610
1820
2210
1920
2030
2230
2060
2740
2690
2570
2180
1970
2150
3000
2340
3200
2470
2540
2660
2500
2130
2500
2500
1980
2520
1880
3110
2860
164660
39260
512670
371870
28220
2500
2200
2230
2260
2640
2030
2920
2230
2610
2350
2360
2270
2410
2230
1650
2780
1890
1680
2620
1820
2460
2220
2480
2770
2120
2350
2200
2960
2830
2670
2880
1830
2680
2400
2120
1870
2470
2800
2540
2420
2470
2590
3000
2420
1910
1860
1710
2070
1940
3230
2320
2470
2100
2450
2630
2680
2020
2680
2050
2690
2810
2080
2300
2570
2380
2820
2460
3350
2680
2290
2830
2390
2490
2460
2580
1570
2100
2240
3310
2680
2390
2450
1970
1870
2610
3220
2800
2380
2690
1960
2180
2590
2280
2130
1890
3100
2170
2770
2500
2620
2840
2560
2340
2170
1900
2840
2420
2170
2360
2050
2750
3110
2100
2310
1580
2530
2170
1870
2320
2440
1550
2350
1700
2090
2970
2050
2910
2860
2170
2220
2920
3040
2180
2010
2750
2630
1710
2000
2620
2210
2730
2250
2370
2860
2180
2680
2350
2760
2060
1910
1840
2120
2670
1840
2280
2340
1760
2400
2300
2530
2700
2880
2220
2330
2840
2130
2290
2370
2260
2350
2470
2530
2200
1970
2330
2730
2490
1940
2510
2760
1900
2820
2370
2470
2330
1730
1440
1260
2200
2360
2090
1720
2750
2780
2190
2590
1740
2750
1780
2480
1950
1900
2260
1590
2190
2110
2430
2700
2380
3010
2660
1690
2560
2240
2550
1990
2040
2380
2060
1880
2040
2410
3180
1990
2500
1320
133470
51120
197130
161590
53690
113310
407600
2340
2220
1850
2900
2690
2630
1820
2530
2010
2970
2030
2370
2670
2200
1790
2020
2380
2490
2710
2400
3010
1780
2170
2500
2420
2370
2490
2370
2030
2740
1650
2810
2380
2520
2170
2030
2620
2310
2910
2280
2700
1930
1550
2640
2370
2660
2340
2490
2400
2100
2280
1990
1530
2220
2720
2400
2060
1330
2720
1840
2910
2330
3280
2310
2030
2570
2410
2990
2590
2550
2300
2350
2660
2630
1670
2060
2510
1710
2110
1890
2180
2920
2930
1900
1480
2390
2180
2170
1930
2700
2080
2570
2850
1740
2140
2120
2650
2320
2650
2400
1930
2000
2770
2340
2650
2190
2410
2610
2410
2170
2610
2910
2500
2090
1920
3340
2470
2220
2100
2510
2210
2470
2320
2920
2430
2450
2790
1860
2570
1840
2210
2490
2360
1990
2220
2530
2220
2640
2020
2100
2680
2410
2020
2330
2330
2020
2340
2380
1390
2140
2790
2360
1730
1630
2390
2680
2550
2680
2760
2430
1890
1580
1800
2260
2760
2880
2290
2020
2060
2950
2250
2070
2670
2650
2330
2390
1990
2670
2340
2910
2320
2750
2550
3110
2360
2290
2230
2070
2370
1850
1540
2470
2370
2670
1570
2600
2390
2930
3060
2270
2170
2510
1480
2400
2670
2580
2140
2940
2480
3210
2370
2530
2050
1920
2550
1690
2520
1700
2600
2160
1890
2570
2230
2520
2080
2600
2560
2230
2280
2630
3310
209980
421710
263340
150980
2420
2890
2670
2230
3010
2920
3130
2620
2890
3020
2800
2420
2250
1750
1840
1540
2860
1930
2380
2680
2030
1660
1770
2030
2480
2660
1100
2630
2760
1810
2070
2250
1200
2380
2450
2230
2110
2140
2530
2830
2590
2340
3160
2010
2920
2590
2480
1860
2590
3150
2160
2550
2310
1860
2120
2540
1970
2210
2780
3120
3090
2410
2390
2840
1860
1910
2740
2390
2280
2390
1870
2700
2160
2640
2130
2120
2270
2140
1960
1680
2280
3150
2780
2670
2590
2290
2050
2900
2330
1610
2510
2470
1920
3030
2130
2050
2440
2330
2220
2230
2580
3510
2220
2790
3080
2500
2340
2570
1730
1860
1790
2420
2260
2080
2490
1700
1600
2110
2400
2650
2340
2020
2570
1840
2130
1620
2680
1840
2100
2670
2720
2840
2040
2470
2590
3280
2670
2700
3010
1930
2860
1910
2760
3080
2600
2450
2640
2570
2240
2420
1850
2540
2360
2250
2530
1570
2280
2800
2380
2490
2120
2750
2680
1930
2630
2120
2660
2220
2320
2510
2890
2150
2180
2540
1960
2720
2140
2500
2430
1030
2480
2270
2430
2020
2410
3180
2140
2170
2510
2130
1950
1990
1930
2650
3000
2490
2080
2190
2520
2540
2030
2660
2160
2810
2220
2310
2480
2450
2620
1920
2200
2380
2040
2400
2110
2710
2490
2940
2150
2660
2620
3430
2090
2010
2370
2790
1950
460260
207340
88360
342380
2150
2400
2220
2850
1610
2960
1910
2460
2510
2350
1520
2490
1600
2170
2290
2140
1890
2610
2230
2770
1940
2520
2120
2140
2570
2350
2660
2150
2160
2370
1810
2000
2000
2680
2160
1940
1930
2650
2330
2210
1400
2460
2240
2540
2340
2670
1920
2490
2050
1920
2460
2320
2430
2030
2310
2440
2890
2450
1780
1990
2540
2140
1830
2570
2310
2390
2180
2230
2250
2330
2130
2430
2420
2800
2430
1840
2580
2070
2780
1760
2630
2190
2160
2350
2000
2370
2060
1900
2800
2710
2790
2920
2380
2320
2060
2170
2220
2520
2430
2020
1490
2400
3070
1990
2400
2270
1880
2410
2540
2260
2690
2590
1940
2280
1970
2400
2150
2220
2850
2380
2010
2470
2410
1470
2160
2350
2630
1630
2210
2850
2030
2820
2130
1880
1800
2030
1830
3370
2710
2900
2010
2110
2100
2420
2770
2020
2700
2060
2500
2000
2640
1580
2010
3110
2490
2100
2720
2310
1760
2750
2440
2540
1760
3070
2270
2460
2780
2480
2920
1900
2220
2450
2220
1930
2530
1490
2840
1960
2240
2330
2230
1360
2630
2790
2610
2180
2070
1780
2540
2010
2710
2300
2330
2470
2500
2670
2670
2540
2540
2070
2250
2520
2120
2210
2060
2060
2220
2280
2810
2340
2090
2390
2590
2600
1770
2040
1760
3160
2820
1950
2800
2470
2670
2740
2490
2610
2530
2310
2640
2090
2260
2410
2960
275260
72010
46130
603580
117700
3050
1490
3080
1980
2100
2450
1720
2310
1980
3120
2390
2530
2570
2010
1420
1740
2150
2210
2300
2490
2090
2480
2360
2190
2520
2250
2460
2550
2110
1280
2470
2720
2140
2160
2810
2390
2360
1920
2930
2510
2060
2400
1920
1600
2580
2720
2110
2350
2500
1860
2010
2430
2720
2970
2860
2110
1730
2390
2260
2120
2770
1800
2430
2210
2040
1810
2270
2890
2160
2710
2230
2330
1900
1780
2470
2340
2110
1870
2710
2350
2710
1940
2200
2550
2170
1930
2290
2090
2470
2210
2220
2240
1540
2490
2490
2270
2300
2470
2430
2870
2340
2310
2010
2840
2150
2660
2140
1350
1560
3000
3060
2510
1920
1980
2070
2100
2020
1730
2280
2160
2460
2380
3300
2050
2800
2860
3220
2540
2100
2520
2500
2710
2450
2260
2690
2180
2310
2600
2540
2440
1830
2490
2870
2520
2790
1580
2440
2570
2300
2190
2440
2680
2960
1290
2830
1780
2330
2270
2640
3160
2160
2220
2330
1710
2020
2740
1800
2340
2410
2490
1910
2310
1870
2820
1760
2210
2580
2090
2370
2740
2560
1680
2040
2470
1930
2580
2710
2480
2580
2100
3150
2010
2650
2790
2340
2140
1690
2890
2430
2190
1690
2370
2240
2000
2420
2830
2670
2320
1990
1940
2760
1670
2470
2790
2050
1980
2610
2190
2650
2370
2640
2550
2110
2580
2090
2700
2210
1970
2710
508090
295590
309250
2650
2030
2720
2410
2480
1810
2830
2310
2000
2390
1680
2380
2120
1700
2560
2130
2280
2470
2780
2920
1950
2330
2410
3070
2760
2710
1750
2380
2070
2350
2430
2650
1770
2240
2070
2760
2550
2220
2530
2000
2220
1850
2590
2370
2710
2040
2310
2300
2280
2780
2660
2200
2350
2630
1780
1450
2760
2910
2480
1640
2580
2450
2240
2930
2560
2460
1980
1740
1960
2090
1840
2490
3180
2120
1910
2860
2750
2320
1940
3320
1390
2250
2120
1760
1910
2100
1920
2470
2100
1960
2550
2100
2470
1890
1850
2540
2050
2010
1790
2210
2770
2260
2100
2810
2190
2330
2940
2560
2000
2780
2450
2150
1850
2370
1720
2620
2300
2090
2350
2340
3220
2290
1840
1860
2720
2630
2770
2580
2470
2380
2320
2010
2550
2460
2510
1670
2210
2940
2130
2300
2910
1720
2390
2640
2090
1570
2650
1830
2780
2110
2550
2630
2750
2700
2720
2600
2040
2510
2400
2740
2570
1540
2390
2410
2960
2520
2190
2220
2950
2220
2230
1240
2330
2950
2540
2540
1530
1920
2390
1790
2350
1510
2800
2220
2870
1960
2280
1640
2220
2260
2390
2690
2310
2590
2020
2640
2130
2100
1970
1970
2570
2640
2140
2430
2360
2080
2280
1530
2630
2680
2040
2740
1830
2530
1740
2480
2880
2560
2380
2590
2760
1670
1440
2190
2690
2040
2100
1810
2010
1700
118210
177520
49180
73860
191470
180910
256460
2100
2300
1750
2280
1530
2760
2500
2040
1870
2800
2080
1840
2400
1620
2060
2900
2690
2710
2340
2980
3050
2600
2380
2220
2310
1460
2680
2720
2820
2550
2020
2130
2020
2890
1830
2340
2090
2520
2090
2210
2120
1290
2730
2380
2040
2070
3080
2850
2580
3090
2710
1650
1760
1740
2930
2680
2340
2160
1290
2650
2550
2660
2760
1680
2800
2340
2600
2590
2450
2280
1900
2110
2390
2360
3020
3060
2020
2830
2150
2500
1780
2550
2300
2270
1770
2820
2330
2230
2510
2040
2680
2750
2500
2070
2980
1980
1900
2280
2210
2900
2770
2300
2170
2560
2130
2460
3110
2810
2570
2670
1990
1730
2240
3020
2130
2730
2890
2560
1800
1390
2300
2860
1880
2340
2140
2390
2600
2500
2470
2210
2380
2500
2470
1360
2500
2390
2370
2600
2650
2470
2490
1690
2230
2020
2150
2260
2400
2770
2280
1970
2610
2540
2870
3210
1520
2420
2420
2770
2240
2920
1920
2360
2970
2740
2370
2570
2020
2660
2830
1940
2420
2460
1670
2260
2280
2480
3110
3060
2450
2560
2580
1970
1720
1570
2100
2020
1850
2320
2030
1830
2380
2290
2110
2530
2300
1760
2160
2350
1710
2210
2420
1810
2170
1850
2270
2540
2790
2130
2220
2090
1870
2410
1960
2460
2630
2440
2250
2080
2540
1780
1380
2700
1860
3070
2100
2500
2110
567380
538310
2680
1220
2120
2360
2640
2280
2530
2620
1950
2570
2760
1980
2720
2060
1210
1820
2420
2940
2030
1840
2320
2670
1990
2370
2650
1980
1680
1950
1420
1870
2690
2170
2730
2590
1900
2090
1830
2130
2490
2430
2080
1560
2380
1600
2440
2190
2270
2460
2380
1730
2280
1990
1680
2270
2790
1770
1750
2330
2500
2290
1980
2870
2880
2430
2510
2280
2070
1650
2170
1780
2620
2390
2230
2610
2370
2200
2100
2080
2330
2230
2100
2420
1770
2680
2860
2540
2160
2370
2360
1740
2210
2580
1870
2620
2730
2570
2900
2430
2360
2240
2270
2510
2690
2660
2880
2650
2690
2560
2350
3160
2010
2930
1390
2210
2330
2510
1960
3100
2510
2580
2410
2300
2310
2600
1820
2970
1430
2880
2160
2690
2780
2430
2070
2330
2510
1760
2280
1930
2830
2750
2640
2030
2940
2580
1520
2070
2520
2620
2410
1980
1840
2630
1260
2550
1770
2450
2690
2200
2190
3140
2480
1950
2270
1340
1500
1990
2320
2000
2260
2370
1860
2140
2080
2570
2270
1940
2090
2800
1590
2110
2310
2230
1610
2490
2330
1700
2610
2770
1860
2390
2590
1600
2840
3060
2140
1820
1650
2740
2470
2190
1910
1810
2290
2310
3070
2620
2740
2640
1970
2480
2260
1860
2580
2450
3150
2460
2280
2030
2510
2290
1810
2010
2460
2760
2230
2050
2380
2150
1880
2020
1890
2620
2830
2420
3630
52010
31040
381410
588320
58020
1730
2300
2030
2280
2180
2000
2550
2420
2020
2780
2470
2740
3050
3140
2490
2010
1680
2380
2400
2020
1670
2120
2980
2370
2230
1610
2360
1880
2440
2150
2490
1820
2140
2450
1730
2500
2910
2460
2640
2160
2150
2380
2140
2080
2650
2230
2390
2510
2310
2520
1970
2810
2520
2070
2510
2110
2290
2440
2800
2020
2620
2180
2490
2700
2000
1480
2330
1520
2610
2100
2110
2050
2710
2460
2550
2930
3060
2550
2820
2330
2380
2520
2380
2720
1810
2450
2600
2340
2000
2030
2840
2130
2490
2560
2820
1850
3080
1340
2610
2240
2000
2010
2580
2410
2760
2330
2690
2080
2500
2830
2590
2330
1930
2810
1540
1770
2430
1550
2780
2060
2740
2020
2700
2760
2080
1780
1890
2640
2180
1470
2660
2100
2770
2140
1900
1920
2660
1790
2110
2610
2060
2310
2380
2310
2390
1980
2290
2880
1690
2150
2660
2040
2210
2210
3320
2200
2200
1920
2220
2430
2450
2390
2040
2510
2480
1990
2720
1930
2450
2510
2480
2920
2220
2260
2500
2840
2510
2310
1970
2190
3110
2360
2730
2600
3090
1820
2090
2210
3410
1860
2310
2280
2840
2070
2180
2870
2680
1680
2530
2080
2180
2560
1950
2580
2280
2260
2830
2710
2290
2650
2390
2570
2400
2260
3100
2350
2260
2470
2330
2330
2840
1780
2780
2010
2910
2630
2440
2000
2100
95740
115510
80600
233630
159160
32600
102350
276400
2790
2570
2590
2310
2370
2530
2600
2120
1600
2230
1990
2040
2870
2240
1680
1970
2260
2790
2430
2510
2620
1580
1890
1830
2380
2820
2170
2680
2470
2020
2820
1840
2230
2340
2240
2450
2010
2210
1950
1770
2390
1870
2500
1970
2620
2690
2640
2560
2760
2650
2140
2390
2580
2460
1710
1890
2660
2340
2110
2220
2450
2770
2210
1640
1600
2440
2100
1890
1570
2050
1900
2230
2510
2460
2280
2570
2230
1870
1950
2520
2450
2620
2300
1790
2110
2560
2800
2310
1790
2000
2760
1340
2550
2620
1380
2360
2350
2470
2160
1970
2400
2410
2510
2210
2850
2630
2030
2780
1730
2800
1980
2710
2340
1780
2380
1990
2550
2150
2420
2160
2920
3010
1770
2480
1930
2270
2450
2810
2660
2120
1320
2640
1880
2450
2360
2180
2720
2390
1590
1450
2490
2300
2440
2090
1920
2590
2390
2430
2310
2500
2400
2660
1960
2370
2530
2260
2010
2030
2330
1780
2340
2320
2390
2050
3010
2430
2680
2320
1410
2460
1950
2720
3130
1820
2090
2320
2860
2340
2300
3000
2000
2400
1750
3000
2710
2560
2420
2610
2280
2300
2190
2450
2610
2280
2370
3070
1890
2590
2330
2420
2450
2440
2320
1670
2420
2300
2720
2520
1890
2890
2400
2520
2450
2600
2270
2490
2050
1890
1660
2280
1960
2350
2430
2590
2350
2460
2190
1860
2470
2270
2790
290020
550380
70220
163440
1280
2200
2080
2510
2120
2000
3060
2290
1530
2800
2410
2500
2410
1710
1930
2590
2900
1790
2330
2700
2360
2450
2140
2720
2630
2230
2720
2630
2750
2760
2720
2200
1670
2410
2190
2140
2510
2440
2680
2710
2710
1830
2330
2440
3270
2950
1910
2700
2050
2240
2370
2650
2070
2440
2440
2390
2360
2290
2450
2530
2030
2030
2310
2160
2340
2790
2580
2460
2300
2790
1560
2100
1670
1860
2050
1700
2110
2400
2430
2910
2270
2450
2650
2270
2420
2690
2430
2110
2260
2320
2440
2190
3000
2340
2350
2340
2410
2140
1850
2310
2550
2760
2620
2490
2030
2380
2550
2360
2600
1790
2450
1810
1300
2410
2540
1430
2230
2290
2440
2510
2050
2670
2380
2190
2100
2740
2050
2210
2370
2420
1820
2310
1900
2370
2180
2050
2650
1900
2780
2820
1590
2970
2150
2320
1690
2070
1680
1700
2130
2740
1600
2880
2590
2420
2430
2250
2140
2750
2080
2480
1710
2090
2780
2190
3490
2630
2450
1970
1550
2560
2320
2730
2630
2420
2810
2320
2010
2400
2000
2130
1810
2180
1510
2110
3470
2850
2350
2210
2220
1690
1780
1320
1950
2450
2730
2270
3090
2400
2250
2240
2950
2370
2130
2300
2070
2650
2690
2790
2860
2010
2250
2030
2570
2490
1630
2060
2690
2210
3000
2670
1930
1960
2130
2260
1660
2710
2680
1750
1980
1120
2520
2170
3850
644380
457590
2950
2670
1850
2590
2390
2030
2260
2560
2400
2080
1990
2260
2450
1910
3270
2860
3160
1960
2300
1860
2070
2850
2170
2290
2340
2180
2350
2160
2020
1800
2490
2300
2750
2400
2480
2390
3160
2440
2400
1810
1500
1790
2620
2770
2130
2640
2930
3780
2020
2720
2150
2180
3150
2550
2650
1860
2690
2330
2330
2060
2430
2470
1940
2050
2620
2650
2530
2180
2250
2400
2470
2400
2640
2240
3230
2500
1160
2320
3090
2940
1960
2410
2080
1750
2160
1720
2090
2930
3130
1660
2220
2750
2450
2370
2400
2690
2430
2280
2350
1750
2180
2850
2900
2350
2380
2320
2670
1790
2160
2600
2440
2460
2900
2000
2530
2390
2630
2390
3100
2300
1960
2590
1950
2680
2670
2840
1350
2530
2870
1490
2600
2550
2870
2410
2110
2160
3270
2520
2250
2130
1930
2500
2070
1810
1790
2330
2620
2210
2480
2740
2220
2560
2350
2400
2710
2270
2500
1940
2390
2880
1970
1920
1010
1610
2480
2190
1550
1550
2370
2410
2580
2720
2700
2470
2400
2380
2700
2280
3010
2180
2110
1920
2030
2140
1440
1860
2370
2490
1910
3000
2430
1680
2150
2690
1980
2730
2400
1570
2560
1710
2130
2160
2140
2630
2280
2520
2040
2410
2800
1850
2080
2240
1690
3100
2250
2380
2530
2350
2620
1890
1960
2190
2810
2270
1840
2140
2280
2920
1940
3250
109290
527790
195170
139060
119170
2730
2570
1770
2690
2350
3060
2300
2730
2540
2330
1680
2090
2800
2600
2840
2990
1710
1980
2720
3130
2410
1570
2120
2290
2490
2260
2070
2080
2280
2660
1900
2570
2610
2250
2490
2690
2230
2950
2460
3000
2080
2510
1660
2320
2210
2680
2700
3310
2390
2110
2420
1980
2130
2050
2350
1940
1810
2660
3250
2110
2370
2770
2250
1160
2450
2610
2300
2830
2720
2710
2660
2100
2010
1580
2170
2530
2100
2660
2090
2620
1290
2190
3040
2850
1820
2300
2150
1980
2380
1400
2320
2490
2500
2430
2460
2610
2300
2790
2380
1830
2480
2110
1570
2040
1690
2220
2850
2550
2040
2460
2790
1570
2330
2710
2410
2480
2070
2320
2470
2120
1640
1750
2870
1520
2530
2440
2790
2150
2830
2760
2170
3100
2190
2130
2990
2900
2580
2120
2690
2230
2330
1940
2300
1980
2430
2160
3350
2220
1670
2340
2030
2370
1950
1990
2750
1750
2300
2360
2120
1920
1240
2330
2650
2020
1500
2300
2510
2430
2170
2020
2460
1850
2900
2150
3330
2020
2110
2570
1800
2830
2700
2610
2710
2560
2540
2570
1760
2580
2790
2840
1860
1700
1710
2290
2450
2220
2940
3000
2130
2220
2250
2260
2690
2120
1860
2870
2120
2180
2410
2380
2150
1920
2460
2580
1750
2440
2280
2810
2510
2860
2070
1970
2090
2490
2080
2420
2530
2200
1930
118760
267020
381340
391810
2160
1850
2810
2400
2150
2210
1880
1910
2890
2210
2880
2460
2250
1740
2480
2320
2620
2090
2340
2890
2740
3010
2250
2740
2460
1840
2430
2370
2320
2850
2400
2630
2030
2340
2430
2440
2380
2640
2660
2310
1900
2460
2470
2690
2000
2600
2830
2700
2870
2380
2530
2690
2180
2550
2080
2230
2560
2440
2270
2510
2430
2650
2120
1920
1970
1900
1610
2420
2680
2270
2730
1990
2400
1740
2250
2190
2510
2360
1870
2030
1840
2200
1380
2800
1890
2360
1910
2290
2330
2540
2380
2090
2050
2710
1960
2300
2400
2860
2290
2060
2740
2060
2460
2210
1960
1550
2590
2870
1800
2750
2630
1970
2480
2540
2920
2440
2540
2450
2160
2510
2650
1960
2500
2770
2550
3060
2560
2740
2450
2440
2150
2350
3220
2250
2240
2090
2590
2490
1860
2450
2650
2190
2580
2030
2510
2780
2170
2190
2330
2530
2520
2400
2540
2770
2530
2400
1870
1910
1400
2080
3200
2180
2360
1530
2480
2450
1920
2150
1270
3070
1980
2680
2460
2410
2030
1970
1730
2270
2800
2540
2650
1990
3060
2710
2660
2430
2630
2560
2580
2670
2650
2280
2410
2120
1330
2270
2360
2490
2260
2480
2860
2570
1950
2720
2080
2360
2010
1850
3180
2370
2310
1990
3060
2270
2400
1730
2320
1480
2510
2550
3000
3090
1970
2340
1680
2040
2660
2680
33940
625220
478930
1930
1780
2360
2690
1880
2900
2020
1790
2550
2850
2390
2200
1520
1990
2590
2330
1770
2380
2080
2370
2520
1840
1770
2590
1960
1630
2050
2030
1920
2600
1590
2300
2420
2580
2510
1930
3290
2450
2110
2160
2240
2550
1770
2660
1530
2200
2650
2270
1830
2980
2820
2010
2610
2330
1760
2250
2560
2800
2470
2230
2370
2750
2020
2370
1930
2520
2580
1600
2330
2220
1950
2930
2240
1580
2330
2460
2930
2280
3270
2190
2640
2480
2260
2170
2520
2390
2270
1970
2470
1930
2430
1940
2560
2460
2980
2530
2310
2080
2400
2190
2170
2400
2110
2450
2690
2450
2480
2290
1970
2530
2390
1720
2770
2430
2680
2420
2000
2420
2420
2020
1510
2440
2000
1700
2300
2550
2330
2280
2430
2560
1760
2480
2110
2330
2590
2360
2820
2670
1540
2810
2890
2280
2000
2540
2240
1650
1880
2240
2190
2500
1940
3020
1980
2470
1860
2340
2000
2600
3000
2320
2560
2060
2480
1920
2290
3030
2940
1640
1940
2300
3100
2000
1670
2350
2490
2190
2550
2650
2270
2380
2740
1580
2830
3130
1410
2990
1710
1970
2040
2120
2450
2220
2640
2510
2000
2120
1760
2580
2350
2290
2090
2390
2790
2650
2110
2840
1750
2290
2470
2260
2520
1870
2570
2480
2390
2140
1820
2360
2770
2850
1710
2210
2530
2640
2480
2580
2230
2050
2690
2610
35110
478690
238760
337010
2740
3390
1840
2290
2870
1580
2120
2590
2550
2940
2670
3110
2300
1560
2600
2740
2130
1840
2330
2190
2230
2500
2590
1980
2320
2570
2330
1950
2010
2590
2250
2770
1770
2170
3150
1910
2230
2430
1630
1390
2750
2980
2500
2660
2000
2130
2520
2330
1780
2560
2120
2710
1770
2190
2100
2210
2750
2780
2160
1940
2180
2590
1800
2500
1770
1910
1840
2830
2020
2550
1670
2180
2620
2330
2540
2360
2020
2420
1840
1870
2170
2450
2450
1570
3130
2240
2460
2530
2480
1990
2470
3090
1680
2150
2330
2470
2330
2150
2130
2100
2800
2190
2530
2030
2770
2470
2030
2260
2300
2050
2850
2120
1950
2240
2260
2590
2300
2210
2190
2510
1950
2320
1920
2600
2240
2270
2270
1830
2990
2490
2930
1760
2530
2650
2210
2270
2630
2350
3220
2960
2040
2910
2190
1830
2310
1860
2580
2640
2720
2330
2850
2010
2590
1830
1560
2690
2550
2960
2370
2450
1970
2840
1860
2900
2110
1940
2550
1760
2900
2760
2250
2170
2390
2390
2880
2170
2580
1970
2400
2440
3000
2700
2720
2650
2300
2830
2070
2500
2630
2030
2410
2330
2580
2760
2770
2120
2250
2480
2450
1910
1970
2380
1830
2500
2260
2760
2720
3090
2550
2570
2030
2300
2050
2670
1950
2650
2530
2350
1460
2140
2910
2270
2600
2250
1790
2300
2190
2650
2930
77980
568880
481860
2250
1930
1810
2150
2220
1950
3000
2210
2330
2290
2380
2210
2570
2740
2400
2650
1750
2400
2020
2110
2200
2420
2350
2880
2100
2020
2850
2580
2350
2490
2930
2320
2720
2120
2050
2790
2680
1280
2460
2700
2600
1640
2770
2570
2600
2430
2150
2300
3140
2270
3340
2560
2150
1960
1640
2840
1310
2790
2640
2500
2790
2020
2360
2440
2090
2360
1990
3190
2190
2620
2710
2660
2350
2180
1360
2500
3180
2290
2540
2480
2420
2960
2230
2440
2380
2700
2520
2180
2400
1540
1750
2110
2970
2390
2270
1650
2340
2290
2390
2380
2110
2300
1970
2550
2280
2560
2060
2800
2200
2390
2170
2330
3190
2500
1670
2700
2470
1560
1840
1920
1800
2100
2690
2140
2930
1590
2090
2350
2180
2820
2700
1970
2580
2190
1490
2220
2140
2000
2600
2480
2100
2870
2280
1700
2330
1900
2350
1760
2480
2280
2390
2260
2070
2780
2120
2590
1550
2120
2030
1870
1770
2270
2320
1720
2280
2250
2370
2340
2420
1990
2430
2720
2220
2130
2550
2320
2420
1820
2290
3040
2030
2830
2270
2890
2280
2190
2430
2500
2640
2240
3030
2720
2360
2060
2740
2660
1680
2150
2490
2440
1890
2810
2150
2380
2050
2710
2230
2370
2370
1930
2370
3160
1950
1650
2290
2980
1800
1660
1930
1900
1860
2480
2790
1810
2220
2360
2260
2690
2590
1930
3560
587310
53570
319310
91040
2600
2730
2530
1780
2550
2500
2590
2660
1830
2590
1950
1710
2560
2060
2170
1730
2360
2080
2360
2060
2170
2350
2150
2310
2270
2540
2840
2640
2400
2470
2350
1920
2060
2470
2880
2140
2650
2090
1540
2680
2470
2280
2480
2250
2600
2480
2840
1550
2460
1540
2540
2230
2240
2600
1760
2540
2670
2070
2350
1750
1850
2560
1830
2490
1840
2360
2480
1850
1990
2080
2770
2220
1810
2280
2640
2460
2970
2380
1650
1880
2580
2170
2240
3020
1450
2480
2750
2320
2920
2230
1720
2240
2400
2230
1890
2170
2410
2350
2220
2320
2320
2270
1890
2400
2180
2500
2980
2590
2340
2470
2150
1620
2060
2200
2680
2120
2710
2500
2510
3130
2740
2470
2190
2080
2670
2230
2080
1960
2460
2620
1770
960
2470
2270
2030
2470
3170
2640
1890
2450
2810
2430
1690
2330
1700
2670
2740
2440
2640
1810
2230
2430
2390
1730
2290
2860
2090
2760
1630
2680
2190
1680
2300
3010
2280
2910
3330
1870
2850
2880
2460
2330
3530
1040
2430
2980
2320
2230
2150
2000
1740
2440
2160
2770
1800
2400
2830
2540
2350
2620
2420
2360
2020
2450
1320
2760
2160
1790
2040
2470
2370
1610
2720
2230
2560
2250
2560
2780
2110
2250
2500
2620
1750
2270
2360
2330
2610
2400
2220
2460
2270
2780
2600
2340
2980
2470
2070
2580
2620
2620
2390
2650
2860
2180
2240
2790
2240
2720
2570
1810
2770
1930
2350
2700
2470
2780
2540
2400
2030
3110
2270
1860
1930
2590
2530
1920
1770
2360
2080
1920
2350
1500
2330
2990
2930
2180
2440
2260
2520
1910
2850
1750
2110
1990
2420
2590
1820
2580
2630
1860
1920
2140
2870
2330
1890
2160
1880
1690
1160
1410
1670
1380
1740
1640
1740
1270
1590
1890
1600
1800
2010
1770
1780
1560
1930
2280
1550
1870
1790
1690
1710
2220
1610
2050
2830
1700
1850
2420
1870
1990
2470
2400
2040
1870
1510
1690
1360
1470
2140
1980
2090
1880
2160
1770
1460
1770
1380
1960
2000
2210
1950
1720
930
2170
1980
2010
1740
1210
2180
2100
1720
2170
1610
1830
1740
1990
2120
1680
1550
2190
1420
2020
1790
1850
2200
1910
1560
1380
1120
1630
1920
1720
1790
2190
1490
1900
1870
2010
1840
1310
1990
1730
1970
1950
2070
1570
1730
2130
2030
2000
1650
1890
1710
1550
1610
1590
2180
1750
2220
1610
2170
1640
1960
1860
1740
1650
1490
1930
1800
1430
2450
1790
1350
1580
2000
2130
1980
2110
1690
1970
1360
1210
1770
1700
1720
1700
2040
2190
1920
2010
1830
1320
1550
1600
2050
1870
1840
1950
1720
1970
2240
1670
1490
1850
1710
1910
1790
1760
1950
1850
1510
1220
1840
1260
1750
1730
2070
950
1750
2140
1600
1890
1600
1860
1840
2030
1830
1970
2410
1450
2000
1480
2090
1800
1530
1560
1830
1830
2150
1930
2000
1300
1840
1960
2090
1820
2020
1430
1940
1840
130480
2140
2330
2590
2860
1690
1590
2090
2620
2320
2480
2250
1990
2160
2260
2410
2390
1790
3350
2900
2480
2060
2010
2650
2570
2610
2510
1490
2480
2500
1510
2380
2770
2070
2370
2220
2220
2470
2180
2430
2520
2470
1960
1850
3280
1910
2990
3010
2860
3060
2030
1790
2320
2150
1670
2570
1720
1980
2820
1750
2830
1940
1930
2670
1850
2660
1820
2320
2610
2770
2780
2390
1940
2580
1990
2320
2090
2240
1840
1640
3000
2870
2460
2830
1520
1820
2800
2660
2810
2860
2800
2330
2850
2540
2520
2490
2040
2470
2340
3180
2270
2030
2800
1680
1860
1700
2110
2150
2070
1970
1140
2810
2030
1800
2320
2860
2620
1680
2600
2570
2480
2450
2130
2560
2590
2070
2780
2680
1890
2610
1710
3100
2510
2250
2240
980
2530
2870
1820
1670
2660
2390
3090
2560
2420
2740
2930
1970
1660
2390
2290
2670
2120
3090
1410
2610
1800
2090
2970
2180
2930
2080
2680
2470
2210
2240
2420
2640
1910
2160
1690
1980
2040
1980
2800
2130
1840
3170
3170
1680
2390
2340
2860
1770
1640
2840
1910
2280
2150
2850
2240
2600
2020
2050
2200
1700
2450
2600
1970
1970
2660
2100
2160
2030
2010
2540
2680
2080
2730
2460
2600
2540
2860
2170
2660
2670
2290
2310
3280
2340
2750
2970
1800
1970
2060
2940
2140
2910
2780
1610
2170
3120
2610
1870
2520
2260
2430
2830
2560
2490
2550
1730
2500
2050
2580
2070
2470
2950
2190
1020
1990
2220
2140
2470
1340
2090
1490
2280
2720
2520
2330
2010
2720
2290
2220
2460
1800
2510
2490
1870
2980
2200
3110
1890
2130
2010
2150
2010
2640
2060
2450
1880
2180
2250
2390
2690
2370
2300
2850
1850
2400
2750
2280
2140
1500
2430
2220
1210
2210
2380
3230
2500
2400
2340
1810
1720
3090
1550
2470
2030
1520
2210
2260
2270
2360
2350
2750
2270
2490
2780
2410
2320
2410
2290
1480
2890
1470
1630
2020
1800
2330
2210
2530
2600
1970
2120
2420
2200
2890
2660
2490
2690
2720
2380
1660
1710
2280
2390
1170
2570
2400
2050
2390
2340
1140
2060
2670
2420
2520
2440
2170
1870
2580
2660
2380
2180
2130
2490
1990
2150
2150
2440
1710
2580
2160
2530
2680
2580
1960
1340
2230
1770
2600
1600
2130
1950
1950
1800
2760
2800
2250
2830
2870
2270
1540
2210
2560
2170
2410
2570
2250
1070
2020
1640
2680
2600
2450
2390
2360
1790
2890
2610
2100
2370
2560
3170
2360
1800
2390
2910
2380
2320
2250
2400
2510
1540
1710
2110
2210
2490
1760
2540
1880
1640
2380
1970
1540
2500
2290
2610
1960
2530
3070
2400
1720
2260
1480
2550
1930
1940
2080
2870
3090
2120
2060
3130
2690
1820
2170
2720
2340
1660
2400
2240
2660
2060
2070
2190
1610
2790
1950
1790
2780
2260
2200
2100
2530
2180
1920
2510
2430
1320
1890
2210
1940
2410
2050
2630
2360
2090
2290
2950
2700
2250
2720
2810
2240
2840
1310
3130
1570
2420
2050
2070
2750
2360
2570
2510
2470
2550
1920
3100
1830
2390
2250
2430
2260
2560
2350
2520
2540
2180
2550
2090
3380
1950
2370
2470
2520
2040
1680
2050
2670
2340
2400
2650
2160
2480
2640
2760
2040
1670
1890
3010
2420
2900
2670
1090
2840
2480
2240
2820
2470
2570
3570
2810
2150
1690
2010
2400
2370
2700
2740
2220
2600
2560
2750
1890
2420
2030
2470
2170
3010
2780
2100
2250
2560
2270
1820
2800
2290
2710
1950
2500
2020
2510
3390
2370
3420
3110
1850
2410
1850
2650
2520
2840
1330
2640
2500
2060
2720
1720
2800
1840
2550
3540
2290
1540
2420
2390
2440
2560
2270
2500
1680
2740
2010
2350
2960
2310
2440
2480
1990
1950
2220
2310
2110
2240
2840
2490
2530
2910
2420
2120
2490
1570
2560
2450
2410
2520
1710
2300
2600
2340
1830
2830
2020
2480
2350
2090
2270
2650
2710
2750
3050
1990
3020
1370
2340
1640
2800
1480
2460
2750
2500
2160
1650
2110
2840
1890
2580
2110
2480
2300
2750
1700
1930
2320
3130
2810
2550
1730
1870
2210
2210
1870
2100
2860
2410
2530
2200
2510
2720
2490
2650
2500
2160
1590
1680
2390
1900
2870
2130
2340
2340
2300
2410
2820
2620
2670
2890
1720
1870
2620
2790
1840
2180
2260
2870
2160
2430
2250
1450
2550
2060
2390
1880
2560
2200
2490
1870
2040
2110
2320
2170
2590
2980
2890
2570
2500
2200
2140
1390
1920
2830
2840
2400
1970
2450
2180
2370
2840
2270
1700
2100
2080
2720
2220
2840
2110
2380
1790
2210
2160
1800
2620
2750
2070
2760
2370
1820
1840
3100
2350
2350
2600
2550
2440
2530
1670
1900
2960
2180
2380
2320
2820
2330
2400
2040
2450
2470
2510
2210
1950
2020
1660
2620
2310
2750
2050
2940
2740
2680
2450
1910
2280
2860
2290
1880
2470
2970
2540
3070
2420
2490
1810
2000
2020
2830
1900
2540
1430
2680
2410
2400
2330
2040
2350
3070
2490
2120
2260
2770
2160
2030
2250
2310
1850
2160
2450
2020
2490
2360
2700
2610
2780
2630
2520
2020
2500
2110
2450
2250
2640
2440
2330
2080
2290
2720
2020
1960
2420
2510
2360
2560
2650
2410
2490
1420
2250
1900
2020
2140
2300
2190
2460
1840
2670
1860
2190
2130
2970
2080
2390
2750
2330
2010
1980
2690
2280
2080
2630
2230
2100
1740
1490
1410
2150
2250
2680
2520
2330
2700
2040
2490
2780
2710
2540
2280
2340
2800
2480
2210
2440
2090
51430
5600
9560
224280
289090
1062870
249850
502410
156240
237470
331960
678220
332820
342720
567580
160340
60390
249850
704660
105790
210000
717980
390820
193180
656670
232890
150570
198550
332670
511070
539430
158540
314880
627330
311980
532790
371050
226660
51460
497980
374990
268440
368470
694620
111740
414000
63180
170680
129060
659650
246830
725340
642380
324100
103950
48800
132940
471170
365480
51890
358660
216500
293660
754640
60120
85060
309160
27710
106520
156240
134740
126140
161380
680460
163740
306930
238030
160240
91560
21660
172510
804470
385470
397550
181760
333480
384820
508980
331220
179400
157540
128470
113890
676480
84060
86380
633360
121720
535190
1736630
89210
978840
681210
777100
450750
269840
506570
421770
723290
600300
71000
123660
37240
118010
172440
52000
219410
42630
155700
322440
967740
179990
510920
341890
468770
157650
374340
1552920
132870
415230
114610
282370
108600
100700
1600390
334090
173350
115250
137720
488770
